0 0.7136284722222221 0.2267476851851852 0.11481481481481488 0.24505787037037036
0 0.5423032407407408 0.1814525462962963 0.2185185185185185 0.3629050925925926
0 0.27534722222222224 0.2186863425925926 0.313599537037037 0.25562500000000005
0 0.22954282407407406 0.09270254629629629 0.24021990740740745 0.18540509259259258
0 0.18582175925925926 0.3538599537037037 0.2936921296296296 0.07106481481481479
0 0.005353009259259259 0.28246527777777775 0.010706018518518517 0.22256944444444446
0 0.8663483796296296 0.18558449074074074 0.24936342592592595 0.31452546296296297
0 0.8697048611111111 0.09178240740740741 0.23871527777777785 0.18356481481481482
0 0.2743923611111111 0.6195833333333333 0.5487847222222222 0.5233333333333334
0 0.10248842592592593 0.7791319444444444 0.20497685185185185 0.44164351851851846
0 0.858912037037037 0.3806886574074074 0.2258101851851851 0.10179398148148149