0 0.27102430555555557 0.7874768518518518 0.24277777777777781 0.09258101851851848
0 0.20259548611111108 0.6169675925925926 0.40519097222222217 0.1828125
0 0.2601851851851852 0.35130208333333335 0.25122685185185184 0.28784722222222225
0 0.12408564814814815 0.30336226851851855 0.20671296296296293 0.22162037037037036
0 0.3940451388888889 0.26579861111111114 0.06997685185185185 0.285162037037037
0 0.32484375 0.04057291666666667 0.22374999999999998 0.08114583333333333
0 0.23310185185185187 0.9137094907407407 0.3081597222222222 0.16848379629629626
0 0.11429398148148148 0.9159085648148148 0.22858796296296297 0.16818287037037044
0 0.6598842592592593 0.3045833333333333 0.5208564814814813 0.6091666666666666
0 0.7986053240740741 0.1376273148148148 0.3996643518518518 0.2752546296296296
0 0.4260706018518519 0.9108506944444444 0.09722222222222214 0.16535879629629627